# the fields as a function of distance for the 600MHz paris, 
# col1: distance from the high field center (m)
# col2: magnetic field (T)
0	14.09212
0.001	14.09212
0.002	14.09212
0.003	14.09212
0.004	14.09212
0.005	14.09212
0.006	14.09213
0.007	14.09213
0.008	14.09214
0.009	14.09214
0.01	14.09215
0.011	14.09216
0.012	14.09217
0.013	14.09218
0.014	14.09219
0.015	14.0922
0.016	14.09221
0.017	14.09222
0.018	14.09223
0.019	14.09225
0.02	14.09226
0.021	14.09228
0.022	14.09229
0.023	14.0923
0.024	14.09232
0.025	14.09233
0.026	14.09234
0.027	14.09236
0.028	14.09237
0.029	14.09237
0.03	14.09238
0.031	14.09239
0.032	14.09239
0.033	14.09238
0.034	14.09238
0.035	14.09236
0.036	14.09234
0.037	14.09232
0.038	14.09229
0.039	14.09224
0.04	14.09219
0.041	14.09213
0.042	14.09205
0.043	14.09196
0.044	14.09186
0.045	14.09173
0.046	14.09159
0.047	14.09143
0.048	14.09125
0.049	14.09104
0.05	14.0908
0.051	14.09054
0.052	14.09024
0.053	14.08991
0.054	14.08954
0.055	14.08913
0.056	14.08868
0.057	14.08819
0.058	14.08764
0.059	14.08704
0.06	14.08639
0.061	14.08568
0.062	14.0849
0.063	14.08406
0.064	14.08315
0.065	14.08216
0.066	14.0811
0.067	14.07995
0.068	14.07871
0.069	14.07738
0.07	14.07595
0.071	14.07442
0.072	14.07279
0.073	14.07104
0.074	14.06917
0.075	14.06718
0.076	14.06507
0.077	14.06282
0.078	14.06043
0.079	14.0579
0.08	14.05522
0.081	14.05239
0.082	14.04939
0.083	14.04623
0.084	14.04289
0.085	14.03937
0.086	14.03567
0.087	14.03178
0.088	14.02769
0.089	14.02339
0.09	14.01889
0.091	14.01417
0.092	14.00922
0.093	14.00405
0.094	13.99865
0.095	13.993
0.096	13.9871
0.097	13.98095
0.098	13.97454
0.099	13.96786
0.1	13.9609
0.101	13.95367
0.102	13.94614
0.103	13.93833
0.104	13.93021
0.105	13.92178
0.106	13.91304
0.107	13.90398
0.108	13.8946
0.109	13.88488
0.11	13.87481
0.111	13.8644
0.112	13.85364
0.113	13.84251
0.114	13.83101
0.115	13.81914
0.116	13.80689
0.117	13.79424
0.118	13.7812
0.119	13.76776
0.12	13.7539
0.121	13.73963
0.122	13.72493
0.123	13.70979
0.124	13.69422
0.125	13.6782
0.126	13.66172
0.127	13.64478
0.128	13.62736
0.129	13.60947
0.13	13.59109
0.131	13.57221
0.132	13.55283
0.133	13.53294
0.134	13.51252
0.135	13.49158
0.136	13.4701
0.137	13.44807
0.138	13.42549
0.139	13.40234
0.14	13.37861
0.141	13.3543
0.142	13.3294
0.143	13.30389
0.144	13.27777
0.145	13.25102
0.146	13.22364
0.147	13.19562
0.148	13.16694
0.149	13.13759
0.15	13.10756
0.151	13.07685
0.152	13.04543
0.153	13.0133
0.154	12.98044
0.155	12.94685
0.156	12.91251
0.157	12.87741
0.158	12.84153
0.159	12.80487
0.16	12.7674
0.161	12.72912
0.162	12.69002
0.163	12.65008
0.164	12.60928
0.165	12.56762
0.166	12.52507
0.167	12.48164
0.168	12.43729
0.169	12.39203
0.17	12.34583
0.171	12.29869
0.172	12.25059
0.173	12.20151
0.174	12.15146
0.175	12.10041
0.176	12.04835
0.177	11.99528
0.178	11.94118
0.179	11.88605
0.18	11.82988
0.181	11.77266
0.182	11.71438
0.183	11.65505
0.184	11.59465
0.185	11.53319
0.186	11.47067
0.187	11.40709
0.188	11.34245
0.189	11.27675
0.19	11.21002
0.191	11.14225
0.192	11.07346
0.193	11.00367
0.194	10.93288
0.195	10.86113
0.196	10.78843
0.197	10.7148
0.198	10.64027
0.199	10.56487
0.2	10.48863
0.201	10.41159
0.202	10.33377
0.203	10.25521
0.204	10.17596
0.205	10.09604
0.206	10.0155
0.207	9.93438
0.208	9.85272
0.209	9.77057
0.21	9.68795
0.211	9.60492
0.212	9.52152
0.213	9.4378
0.214	9.35378
0.215	9.26951
0.216	9.18503
0.217	9.10038
0.218	9.01561
0.219	8.93073
0.22	8.8458
0.221	8.76084
0.222	8.67589
0.223	8.59099
0.224	8.50616
0.225	8.42143
0.226	8.33684
0.227	8.25241
0.228	8.16816
0.229	8.08414
0.23	8.00035
0.231	7.91683
0.232	7.8336
0.233	7.75068
0.234	7.66809
0.235	7.58586
0.236	7.50399
0.237	7.42252
0.238	7.34146
0.239	7.26082
0.24	7.18063
0.241	7.10089
0.242	7.02163
0.243	6.94286
0.244	6.86458
0.245	6.78682
0.246	6.70959
0.247	6.63289
0.248	6.55674
0.249	6.48115
0.25	6.40612
0.251	6.33166
0.252	6.25779
0.253	6.18451
0.254	6.11183
0.255	6.03975
0.256	5.96828
0.257	5.89743
0.258	5.82719
0.259	5.75758
0.26	5.68859
0.261	5.62024
0.262	5.55251
0.263	5.48543
0.264	5.41898
0.265	5.35317
0.266	5.28801
0.267	5.22348
0.268	5.1596
0.269	5.09636
0.27	5.03376
0.271	4.97181
0.272	4.91049
0.273	4.84982
0.274	4.78979
0.275	4.7304
0.276	4.67164
0.277	4.61352
0.278	4.55604
0.279	4.49918
0.28	4.44295
0.281	4.38735
0.282	4.33238
0.283	4.27802
0.284	4.22428
0.285	4.17116
0.286	4.11864
0.287	4.06674
0.288	4.01543
0.289	3.96473
0.29	3.91463
0.291	3.86511
0.292	3.81619
0.293	3.76785
0.294	3.72009
0.295	3.6729
0.296	3.62629
0.297	3.58024
0.298	3.53476
0.299	3.48984
0.3	3.44546
0.301	3.40164
0.302	3.35836
0.303	3.31562
0.304	3.27342
0.305	3.23174
0.306	3.19059
0.307	3.14996
0.308	3.10984
0.309	3.07023
0.31	3.03113
0.311	2.99253
0.312	2.95442
0.313	2.9168
0.314	2.87967
0.315	2.84302
0.316	2.80684
0.317	2.77113
0.318	2.73588
0.319	2.7011
0.32	2.66677
0.321	2.63289
0.322	2.59945
0.323	2.56645
0.324	2.53389
0.325	2.50176
0.326	2.47005
0.327	2.43876
0.328	2.40789
0.329	2.37742
0.33	2.34736
0.331	2.3177
0.332	2.28844
0.333	2.25957
0.334	2.23108
0.335	2.20297
0.336	2.17524
0.337	2.14788
0.338	2.12089
0.339	2.09426
0.34	2.06799
0.341	2.04207
0.342	2.0165
0.343	1.99127
0.344	1.96638
0.345	1.94183
0.346	1.91761
0.347	1.89372
0.348	1.87015
0.349	1.8469
0.35	1.82396
0.351	1.80133
0.352	1.77901
0.353	1.75699
0.354	1.73527
0.355	1.71384
0.356	1.6927
0.357	1.67185
0.358	1.65128
0.359	1.63099
0.36	1.61097
0.361	1.59122
0.362	1.57174
0.363	1.55253
0.364	1.53357
0.365	1.51487
0.366	1.49642
0.367	1.47822
0.368	1.46027
0.369	1.44256
0.37	1.42509
0.371	1.40786
0.372	1.39085
0.373	1.37408
0.374	1.35753
0.375	1.34121
0.376	1.32511
0.377	1.30922
0.378	1.29354
0.379	1.27808
0.38	1.26283
0.381	1.24778
0.382	1.23293
0.383	1.21828
0.384	1.20383
0.385	1.18957
0.386	1.1755
0.387	1.16162
0.388	1.14792
0.389	1.13441
0.39	1.12108
0.391	1.10792
0.392	1.09495
0.393	1.08214
0.394	1.0695
0.395	1.05704
0.396	1.04473
0.397	1.0326
0.398	1.02062
0.399	1.0088
0.4	0.99713
0.401	0.98562
0.402	0.97427
0.403	0.96306
0.404	0.952
0.405	0.94109
0.406	0.93031
0.407	0.91969
0.408	0.9092
0.409	0.89884
0.41	0.88863
0.411	0.87854
0.412	0.86859
0.413	0.85877
0.414	0.84907
0.415	0.83951
0.416	0.83006
0.417	0.82074
0.418	0.81154
0.419	0.80246
0.42	0.7935
0.421	0.78465
0.422	0.77592
0.423	0.7673
0.424	0.75879
0.425	0.75039
0.426	0.74209
0.427	0.73391
0.428	0.72583
0.429	0.71785
0.43	0.70997
0.431	0.7022
0.432	0.69452
0.433	0.68694
0.434	0.67946
0.435	0.67207
0.436	0.66478
0.437	0.65758
0.438	0.65047
0.439	0.64345
0.44	0.63652
0.441	0.62967
0.442	0.62291
0.443	0.61624
0.444	0.60965
0.445	0.60314
0.446	0.59671
0.447	0.59037
0.448	0.5841
0.449	0.57791
0.45	0.5718
0.451	0.56576
0.452	0.5598
0.453	0.55392
0.454	0.5481
0.455	0.54236
0.456	0.53669
0.457	0.53108
0.458	0.52555
0.459	0.52008
0.46	0.51469
0.461	0.50935
0.462	0.50409
0.463	0.49888
0.464	0.49374
0.465	0.48867
0.466	0.48365
0.467	0.47869
0.468	0.4738
0.469	0.46896
0.47	0.46419
0.471	0.45947
0.472	0.4548
0.473	0.4502
0.474	0.44565
0.475	0.44115
0.476	0.4367
0.477	0.43231
0.478	0.42798
0.479	0.42369
0.48	0.41945
0.481	0.41527
0.482	0.41113
0.483	0.40705
0.484	0.40301
0.485	0.39902
0.486	0.39507
0.487	0.39118
0.488	0.38732
0.489	0.38352
0.49	0.37976
0.491	0.37604
0.492	0.37236
0.493	0.36873
0.494	0.36514
0.495	0.36159
0.496	0.35809
0.497	0.35462
0.498	0.35119
0.499	0.34781
0.5	0.34446
0.501	0.34115
0.502	0.33788
0.503	0.33465
0.504	0.33145
0.505	0.32829
0.506	0.32516
0.507	0.32208
0.508	0.31902
0.509	0.316
0.51	0.31302
0.511	0.31007
0.512	0.30715
0.513	0.30427
0.514	0.30141
0.515	0.29859
0.516	0.29581
0.517	0.29305
0.518	0.29032
0.519	0.28763
0.52	0.28496
0.521	0.28232
0.522	0.27972
0.523	0.27714
0.524	0.27459
0.525	0.27207
0.526	0.26958
0.527	0.26711
0.528	0.26467
0.529	0.26226
0.53	0.25987
0.531	0.25751
0.532	0.25518
0.533	0.25287
0.534	0.25059
0.535	0.24833
0.536	0.2461
0.537	0.24389
0.538	0.2417
0.539	0.23954
0.54	0.2374
0.541	0.23529
0.542	0.2332
0.543	0.23113
0.544	0.22908
0.545	0.22705
0.546	0.22505
0.547	0.22307
0.548	0.2211
0.549	0.21916
0.55	0.21724
0.551	0.21534
0.552	0.21346
0.553	0.2116
0.554	0.20976
0.555	0.20794
0.556	0.20614
0.557	0.20436
0.558	0.20259
0.559	0.20085
0.56	0.19912
0.561	0.19741
0.562	0.19572
0.563	0.19405
0.564	0.19239
0.565	0.19075
0.566	0.18913
0.567	0.18752
0.568	0.18593
0.569	0.18436
0.57	0.1828
0.571	0.18126
0.572	0.17974
0.573	0.17823
0.574	0.17673
0.575	0.17525
0.576	0.17379
0.577	0.17234
0.578	0.17091
0.579	0.16949
0.58	0.16808
0.581	0.16669
0.582	0.16532
0.583	0.16395
0.584	0.1626
0.585	0.16127
0.586	0.15994
0.587	0.15864
0.588	0.15734
0.589	0.15606
0.59	0.15479
0.591	0.15353
0.592	0.15228
0.593	0.15105
0.594	0.14983
0.595	0.14862
0.596	0.14742
0.597	0.14624
0.598	0.14506
0.599	0.1439
0.6	0.14275
0.601	0.14161
0.602	0.14048
0.603	0.13937
0.604	0.13826
0.605	0.13716
0.606	0.13608
0.607	0.13501
0.608	0.13394
0.609	0.13289
0.61	0.13184
0.611	0.13081
0.612	0.12979
0.613	0.12877
0.614	0.12777
0.615	0.12677
0.616	0.12579
0.617	0.12481
0.618	0.12385
0.619	0.12289
0.62	0.12194
0.621	0.121
0.622	0.12007
0.623	0.11915
0.624	0.11824
0.625	0.11733
0.626	0.11644
0.627	0.11555
0.628	0.11467
0.629	0.1138
0.63	0.11294
0.631	0.11208
0.632	0.11124
0.633	0.1104
0.634	0.10957
0.635	0.10874
0.636	0.10793
0.637	0.10712
0.638	0.10632
0.639	0.10552
0.64	0.10474
0.641	0.10396
0.642	0.10319
0.643	0.10242
0.644	0.10166
0.645	0.10091
0.646	0.10017
0.647	0.09943
0.648	0.0987
0.649	0.09798
0.65	0.09726
0.651	0.09655
0.652	0.09584
0.653	0.09515
0.654	0.09445
0.655	0.09377
0.656	0.09309
0.657	0.09242
0.658	0.09175
0.659	0.09109
0.66	0.09043
0.661	0.08978
0.662	0.08914
0.663	0.0885
0.664	0.08787
0.665	0.08724
0.666	0.08662
0.667	0.086
0.668	0.08539
0.669	0.08479
0.67	0.08419
0.671	0.08359
0.672	0.083
0.673	0.08242
0.674	0.08184
0.675	0.08126
0.676	0.08069
0.677	0.08013
0.678	0.07957
0.679	0.07902
0.68	0.07847
0.681	0.07792
0.682	0.07738
0.683	0.07684
0.684	0.07631
0.685	0.07579
0.686	0.07526
0.687	0.07475
0.688	0.07423
0.689	0.07372
0.69	0.07322
0.691	0.07272
0.692	0.07222
0.693	0.07173
0.694	0.07124
0.695	0.07076
0.696	0.07028
0.697	0.06981
0.698	0.06933
0.699	0.06887
0.7	0.0684
0.701	0.06794
0.702	0.06749
0.703	0.06704
0.704	0.06659
0.705	0.06614
0.706	0.0657
0.707	0.06526
0.708	0.06483
0.709	0.0644
0.71	0.06397
0.711	0.06355
0.712	0.06313
0.713	0.06272
0.714	0.0623
0.715	0.06189
0.716	0.06149
0.717	0.06109
0.718	0.06069
0.719	0.06029
0.72	0.0599
0.721	0.05951
0.722	0.05912
0.723	0.05874
0.724	0.05836
0.725	0.05798
0.726	0.05761
0.727	0.05724
0.728	0.05687
0.729	0.0565
0.73	0.05614
0.731	0.05578
0.732	0.05542
0.733	0.05507
0.734	0.05472
0.735	0.05437
0.736	0.05403
0.737	0.05368
0.738	0.05334
0.739	0.05301
0.74	0.05267
0.741	0.05234
0.742	0.05201
0.743	0.05168
0.744	0.05136
0.745	0.05104
0.746	0.05072
0.747	0.0504
0.748	0.05009
0.749	0.04978
0.75	0.04947
0.751	0.04916
0.752	0.04886
0.753	0.04855
0.754	0.04825
0.755	0.04796
0.756	0.04766
0.757	0.04737
0.758	0.04708
0.759	0.04679
0.76	0.0465
0.761	0.04622
0.762	0.04594
0.763	0.04566
0.764	0.04538
0.765	0.04511
0.766	0.04483
0.767	0.04456
0.768	0.04429
0.769	0.04402
0.77	0.04376
0.771	0.0435
0.772	0.04324
0.773	0.04298
0.774	0.04272
0.775	0.04246
0.776	0.04221
0.777	0.04196
0.778	0.04171
0.779	0.04146
0.78	0.04122
0.781	0.04097
0.782	0.04073
0.783	0.04049
0.784	0.04025
0.785	0.04001
0.786	0.03978
0.787	0.03954
0.788	0.03931
0.789	0.03908
0.79	0.03885
0.791	0.03863
0.792	0.0384
0.793	0.03818
0.794	0.03796
0.795	0.03774
0.796	0.03752
0.797	0.0373
0.798	0.03709
0.799	0.03687
0.8	0.03666
0.801	0.03645
0.802	0.03624
0.803	0.03603
0.804	0.03583
0.805	0.03562
0.806	0.03542
0.807	0.03522
0.808	0.03502
0.809	0.03482
0.81	0.03462
0.811	0.03443
0.812	0.03423
0.813	0.03404
0.814	0.03385
0.815	0.03366
0.816	0.03347
0.817	0.03328
0.818	0.03309
0.819	0.03291
0.82	0.03272
0.821	0.03254
0.822	0.03236
0.823	0.03218
0.824	0.032
0.825	0.03182
0.826	0.03165
0.827	0.03147
0.828	0.0313
0.829	0.03113
0.83	0.03095
0.831	0.03078
0.832	0.03061
0.833	0.03045
0.834	0.03028
0.835	0.03011
0.836	0.02995
0.837	0.02979
0.838	0.02963
0.839	0.02946
0.84	0.0293
0.841	0.02915
0.842	0.02899
0.843	0.02883
0.844	0.02868
0.845	0.02852
0.846	0.02837
0.847	0.02822
0.848	0.02806
0.849	0.02791
0.85	0.02776
0.851	0.02762
0.852	0.02747
0.853	0.02732
0.854	0.02718
0.855	0.02703
0.856	0.02689
0.857	0.02675
0.858	0.02661
0.859	0.02646
0.86	0.02633
0.861	0.02619
0.862	0.02605
0.863	0.02591
0.864	0.02578
0.865	0.02564
0.866	0.02551
0.867	0.02537
0.868	0.02524
0.869	0.02511
0.87	0.02498
0.871	0.02485
0.872	0.02472
0.873	0.02459
0.874	0.02447
0.875	0.02434
0.876	0.02421
0.877	0.02409
0.878	0.02397
0.879	0.02384
0.88	0.02372
0.881	0.0236
0.882	0.02348
0.883	0.02336
0.884	0.02324
0.885	0.02312
0.886	0.023
0.887	0.02289
0.888	0.02277
0.889	0.02265
0.89	0.02254
0.891	0.02243
0.892	0.02231
0.893	0.0222
0.894	0.02209
0.895	0.02198
0.896	0.02187
0.897	0.02176
0.898	0.02165
0.899	0.02154
0.9	0.02143
0.901	0.02133
0.902	0.02122
0.903	0.02112
0.904	0.02101
0.905	0.02091
0.906	0.0208
0.907	0.0207
0.908	0.0206
0.909	0.0205
0.91	0.0204
0.911	0.0203
0.912	0.0202
0.913	0.0201
0.914	0.02
0.915	0.0199
0.916	0.0198
0.917	0.01971
0.918	0.01961
0.919	0.01952
0.92	0.01942
0.921	0.01933
0.922	0.01923
0.923	0.01914
0.924	0.01905
0.925	0.01896
0.926	0.01886
0.927	0.01877
0.928	0.01868
0.929	0.01859
0.93	0.0185
0.931	0.01842
0.932	0.01833
0.933	0.01824
0.934	0.01815
0.935	0.01807
0.936	0.01798
0.937	0.0179
0.938	0.01781
0.939	0.01773
0.94	0.01764
0.941	0.01756
0.942	0.01748
0.943	0.01739
0.944	0.01731
0.945	0.01723
0.946	0.01715
0.947	0.01707
0.948	0.01699
0.949	0.01691
0.95	0.01683
0.951	0.01675
0.952	0.01668
0.953	0.0166
0.954	0.01652
0.955	0.01644
0.956	0.01637
0.957	0.01629
0.958	0.01622
0.959	0.01614
0.96	0.01607
0.961	0.01599
0.962	0.01592
0.963	0.01585
0.964	0.01577
0.965	0.0157
0.966	0.01563
0.967	0.01556
0.968	0.01549
0.969	0.01542
0.97	0.01535
0.971	0.01528
0.972	0.01521
0.973	0.01514
0.974	0.01507
0.975	0.015
0.976	0.01494
0.977	0.01487
0.978	0.0148
0.979	0.01473
0.98	0.01467
0.981	0.0146
0.982	0.01454
0.983	0.01447
0.984	0.01441
0.985	0.01434
0.986	0.01428
0.987	0.01422
0.988	0.01415
0.989	0.01409
0.99	0.01403
0.991	0.01396
0.992	0.0139
0.993	0.01384
0.994	0.01378
0.995	0.01372
0.996	0.01366
0.997	0.0136
0.998	0.01354
0.999	0.01348
1	0.01342
1.001	0.01336
1.002	0.0133
1.003	0.01325
1.004	0.01319
1.005	0.01313
1.006	0.01307
1.007	0.01302
1.008	0.01296
1.009	0.0129
1.01	0.01285
1.011	0.01279
1.012	0.01274
1.013	0.01268
1.014	0.01263
1.015	0.01257
1.016	0.01252
1.017	0.01247
1.018	0.01241
1.019	0.01236
1.02	0.01231
1.021	0.01225
1.022	0.0122
1.023	0.01215
1.024	0.0121
1.025	0.01205
1.026	0.012
1.027	0.01195
1.028	0.01189
1.029	0.01184
1.03	0.01179
1.031	0.01174
1.032	0.0117
1.033	0.01165
1.034	0.0116
1.035	0.01155
1.036	0.0115
1.037	0.01145
1.038	0.0114
1.039	0.01136
1.04	0.01131
1.041	0.01126
1.042	0.01122
1.043	0.01117
1.044	0.01112
1.045	0.01108
1.046	0.01103
1.047	0.01098
1.048	0.01094
1.049	0.01089
1.05	0.01085
1.051	0.0108
1.052	0.01076
1.053	0.01072
1.054	0.01067
1.055	0.01063
1.056	0.01059
1.057	0.01054
1.058	0.0105
1.059	0.01046
1.06	0.01041
1.061	0.01037
1.062	0.01033
1.063	0.01029
1.064	0.01025
1.065	0.0102
1.066	0.01016
1.067	0.01012
1.068	0.01008
1.069	0.01004
1.07	0.01
1.071	0.00996
1.072	0.00992
1.073	0.00988
1.074	0.00984
1.075	0.0098
1.076	0.00976
1.077	0.00972
1.078	0.00968
1.079	0.00965
1.08	0.00961
1.081	0.00957
1.082	0.00953
1.083	0.00949
1.084	0.00946
1.085	0.00942
1.086	0.00938
1.087	0.00934
1.088	0.00931
1.089	0.00927
1.09	0.00923
1.091	0.0092
1.092	0.00916
1.093	0.00913
1.094	0.00909
1.095	0.00905
1.096	0.00902
1.097	0.00898
1.098	0.00895
1.099	0.00891
1.1	0.00888
1.101	0.00885
1.102	0.00881
1.103	0.00878
1.104	0.00874
1.105	0.00871
1.106	0.00868
1.107	0.00864
1.108	0.00861
1.109	0.00858
1.11	0.00854
1.111	0.00851
1.112	0.00848
1.113	0.00844
1.114	0.00841
1.115	0.00838
1.116	0.00835
1.117	0.00832
1.118	0.00828
1.119	0.00825
1.12	0.00822
1.121	0.00819
1.122	0.00816
1.123	0.00813
1.124	0.0081
1.125	0.00807
1.126	0.00804
1.127	0.00801
1.128	0.00798
1.129	0.00795
1.13	0.00792
1.131	0.00789
1.132	0.00786
1.133	0.00783
1.134	0.0078
1.135	0.00777
1.136	0.00774
1.137	0.00771
1.138	0.00768
1.139	0.00765
1.14	0.00763
1.141	0.0076
1.142	0.00757
1.143	0.00754
1.144	0.00751
1.145	0.00749
1.146	0.00746
1.147	0.00743
1.148	0.0074
1.149	0.00738
1.15	0.00735
1.151	0.00732
1.152	0.0073
1.153	0.00727
1.154	0.00724
1.155	0.00722
1.156	0.00719
1.157	0.00716
1.158	0.00714
1.159	0.00711
1.16	0.00709
1.161	0.00706
1.162	0.00703
1.163	0.00701
1.164	0.00698
1.165	0.00696
1.166	0.00693
1.167	0.00691
1.168	0.00688
1.169	0.00686
1.17	0.00683
1.171	0.00681
1.172	0.00678
1.173	0.00676
1.174	0.00674
1.175	0.00671
1.176	0.00669
1.177	0.00666
1.178	0.00664
1.179	0.00662
1.18	0.00659
1.181	0.00657
1.182	0.00655
1.183	0.00652
1.184	0.0065
1.185	0.00648
1.186	0.00645
1.187	0.00643
1.188	0.00641
1.189	0.00639
1.19	0.00636
1.191	0.00634
1.192	0.00632
1.193	0.0063
1.194	0.00627
1.195	0.00625
1.196	0.00623
1.197	0.00621
1.198	0.00619
1.199	0.00617
1.2	0.00614
1.201	0.00612
1.202	0.0061
1.203	0.00608
1.204	0.00606
1.205	0.00604
1.206	0.00602
1.207	0.006
1.208	0.00598
1.209	0.00596
1.21	0.00594
1.211	0.00591
1.212	0.00589
1.213	0.00587
1.214	0.00585
1.215	0.00583
1.216	0.00581
1.217	0.00579
1.218	0.00577
1.219	0.00575
1.22	0.00574
1.221	0.00572
1.222	0.0057
1.223	0.00568
1.224	0.00566
1.225	0.00564
1.226	0.00562
1.227	0.0056
1.228	0.00558
1.229	0.00556
1.23	0.00554
1.231	0.00552
1.232	0.00551
1.233	0.00549
1.234	0.00547
1.235	0.00545
1.236	0.00543
1.237	0.00541
1.238	0.0054
1.239	0.00538
1.24	0.00536
1.241	0.00534
1.242	0.00532
1.243	0.00531
1.244	0.00529
1.245	0.00527
1.246	0.00525
1.247	0.00524
1.248	0.00522
1.249	0.0052
1.25	0.00519
1.251	0.00517
1.252	0.00515
1.253	0.00513
1.254	0.00512
1.255	0.0051
1.256	0.00508
1.257	0.00507
1.258	0.00505
1.259	0.00503
1.26	0.00502
1.261	0.005
1.262	0.00498
1.263	0.00497
1.264	0.00495
1.265	0.00494
1.266	0.00492
1.267	0.0049
1.268	0.00489
1.269	0.00487
1.27	0.00486
1.271	0.00484
1.272	0.00483
1.273	0.00481
1.274	0.00479
1.275	0.00478
1.276	0.00476
1.277	0.00475
1.278	0.00473
1.279	0.00472
1.28	0.0047
1.281	0.00469
1.282	0.00467
1.283	0.00466
1.284	0.00464
1.285	0.00463
1.286	0.00461
1.287	0.0046
1.288	0.00458
1.289	0.00457
1.29	0.00455
1.291	0.00454
1.292	0.00453
1.293	0.00451
1.294	0.0045
1.295	0.00448
1.296	0.00447
1.297	0.00445
1.298	0.00444
1.299	0.00443
1.3	0.00441
1.301	0.0044
1.302	0.00438
1.303	0.00437
1.304	0.00436
1.305	0.00434
1.306	0.00433
1.307	0.00432
1.308	0.0043
1.309	0.00429
1.31	0.00428
1.311	0.00426
1.312	0.00425
1.313	0.00424
1.314	0.00422
1.315	0.00421
1.316	0.0042
1.317	0.00418
1.318	0.00417
1.319	0.00416
1.32	0.00415
1.321	0.00413
1.322	0.00412
1.323	0.00411
1.324	0.0041
1.325	0.00408
1.326	0.00407
1.327	0.00406
1.328	0.00405
1.329	0.00403
1.33	0.00402
1.331	0.00401
1.332	0.004
1.333	0.00398
1.334	0.00397
1.335	0.00396
1.336	0.00395
1.337	0.00394
1.338	0.00392
1.339	0.00391
1.34	0.0039
1.341	0.00389
1.342	0.00388
1.343	0.00386
1.344	0.00385
1.345	0.00384
1.346	0.00383
1.347	0.00382
1.348	0.00381
1.349	0.0038
1.35	0.00378
1.351	0.00377
1.352	0.00376
1.353	0.00375
1.354	0.00374
1.355	0.00373
1.356	0.00372
1.357	0.00371
1.358	0.00369
1.359	0.00368
1.36	0.00367
1.361	0.00366
1.362	0.00365
1.363	0.00364
1.364	0.00363
1.365	0.00362
1.366	0.00361
1.367	0.0036
1.368	0.00359
1.369	0.00358
1.37	0.00357
1.371	0.00356
1.372	0.00355
1.373	0.00353
1.374	0.00352
1.375	0.00351
1.376	0.0035
1.377	0.00349
1.378	0.00348
1.379	0.00347
1.38	0.00346
1.381	0.00345
1.382	0.00344
1.383	0.00343
1.384	0.00342
1.385	0.00341
1.386	0.0034
1.387	0.00339
1.388	0.00338
1.389	0.00337
1.39	0.00336
1.391	0.00335
1.392	0.00334
1.393	0.00334
1.394	0.00333
1.395	0.00332
1.396	0.00331
1.397	0.0033
1.398	0.00329
1.399	0.00328
1.4	0.00327
1.401	0.00326
1.402	0.00325
1.403	0.00324
1.404	0.00323
1.405	0.00322
1.406	0.00321
1.407	0.0032
1.408	0.00319
1.409	0.00319
1.41	0.00318
1.411	0.00317
1.412	0.00316
1.413	0.00315
1.414	0.00314
1.415	0.00313
1.416	0.00312
1.417	0.00311
1.418	0.00311
1.419	0.0031
1.42	0.00309
1.421	0.00308
1.422	0.00307
1.423	0.00306
1.424	0.00305
1.425	0.00305
1.426	0.00304
1.427	0.00303
1.428	0.00302
1.429	0.00301
1.43	0.003
1.431	0.00299
1.432	0.00299
1.433	0.00298
1.434	0.00297
1.435	0.00296
1.436	0.00295
1.437	0.00295
1.438	0.00294
1.439	0.00293
1.44	0.00292
1.441	0.00291
1.442	0.0029
1.443	0.0029
1.444	0.00289
1.445	0.00288
1.446	0.00287
1.447	0.00287
1.448	0.00286
1.449	0.00285
1.45	0.00284
1.451	0.00283
1.452	0.00283
1.453	0.00282
1.454	0.00281
1.455	0.0028
1.456	0.0028
1.457	0.00279
1.458	0.00278
1.459	0.00277
1.46	0.00277
1.461	0.00276
1.462	0.00275
1.463	0.00274
1.464	0.00274
1.465	0.00273
1.466	0.00272
1.467	0.00271
1.468	0.00271
1.469	0.0027
1.47	0.00269
1.471	0.00268
1.472	0.00268
1.473	0.00267
1.474	0.00266
1.475	0.00266
1.476	0.00265
1.477	0.00264
1.478	0.00263
1.479	0.00263
1.48	0.00262
1.481	0.00261
1.482	0.00261
1.483	0.0026
1.484	0.00259
1.485	0.00259
1.486	0.00258
1.487	0.00257
1.488	0.00257
1.489	0.00256
1.49	0.00255
1.491	0.00255
1.492	0.00254
1.493	0.00253
1.494	0.00253
1.495	0.00252
1.496	0.00251
1.497	0.00251
1.498	0.0025
1.499	0.00249
1.5	0.00249
1.501	0.00248
1.502	0.00247
1.503	0.00247
1.504	0.00246
1.505	0.00245
1.506	0.00245
1.507	0.00244
1.508	0.00243
1.509	0.00243
1.51	0.00242
1.511	0.00242
1.512	0.00241
1.513	0.0024
1.514	0.0024
1.515	0.00239
1.516	0.00238
1.517	0.00238
1.518	0.00237
1.519	0.00237
1.52	0.00236
1.521	0.00235
1.522	0.00235
1.523	0.00234
1.524	0.00234
1.525	0.00233
1.526	0.00232
1.527	0.00232
1.528	0.00231
1.529	0.00231
1.53	0.0023
1.531	0.00229
1.532	0.00229
1.533	0.00228
1.534	0.00228
1.535	0.00227
1.536	0.00227
1.537	0.00226
1.538	0.00225
1.539	0.00225
1.54	0.00224
1.541	0.00224
1.542	0.00223
1.543	0.00223
1.544	0.00222
1.545	0.00221
1.546	0.00221
1.547	0.0022
1.548	0.0022
1.549	0.00219
1.55	0.00219
1.551	0.00218
1.552	0.00218
1.553	0.00217
1.554	0.00216
1.555	0.00216
1.556	0.00215
1.557	0.00215
1.558	0.00214
1.559	0.00214
1.56	0.00213
1.561	0.00213
1.562	0.00212
1.563	0.00212
1.564	0.00211
1.565	0.00211
1.566	0.0021
1.567	0.0021
1.568	0.00209
1.569	0.00209
1.57	0.00208
1.571	0.00207
1.572	0.00207
1.573	0.00206
1.574	0.00206
1.575	0.00205
1.576	0.00205
1.577	0.00204
1.578	0.00204
1.579	0.00203
1.58	0.00203
1.581	0.00202
1.582	0.00202
1.583	0.00201
1.584	0.00201
1.585	0.002
1.586	0.002
1.587	0.00199
1.588	0.00199
1.589	0.00199
1.59	0.00198
1.591	0.00198
1.592	0.00197
1.593	0.00197
1.594	0.00196
1.595	0.00196
1.596	0.00195
1.597	0.00195
1.598	0.00194
1.599	0.00194
1.6	0.00193
1.601	0.00193
1.602	0.00192
1.603	0.00192
1.604	0.00191
1.605	0.00191
1.606	0.00191
1.607	0.0019
1.608	0.0019
1.609	0.00189
1.61	0.00189
1.611	0.00188
1.612	0.00188
1.613	0.00187
1.614	0.00187
1.615	0.00186
1.616	0.00186
1.617	0.00186
1.618	0.00185
1.619	0.00185
1.62	0.00184
1.621	0.00184
1.622	0.00183
1.623	0.00183
1.624	0.00183
1.625	0.00182
1.626	0.00182
1.627	0.00181
1.628	0.00181
1.629	0.0018
1.63	0.0018
1.631	0.0018
1.632	0.00179
1.633	0.00179
1.634	0.00178
1.635	0.00178
1.636	0.00177
1.637	0.00177
1.638	0.00177
1.639	0.00176
1.64	0.00176
1.641	0.00175
1.642	0.00175
1.643	0.00175
1.644	0.00174
1.645	0.00174
1.646	0.00173
1.647	0.00173
1.648	0.00173
1.649	0.00172
1.65	0.00172
1.651	0.00171
1.652	0.00171
1.653	0.00171
1.654	0.0017
1.655	0.0017
1.656	0.00169
1.657	0.00169
1.658	0.00169
1.659	0.00168
1.66	0.00168
1.661	0.00167
1.662	0.00167
1.663	0.00167
1.664	0.00166
1.665	0.00166
1.666	0.00166
1.667	0.00165
1.668	0.00165
1.669	0.00164
1.67	0.00164
1.671	0.00164
1.672	0.00163
1.673	0.00163
1.674	0.00163
1.675	0.00162
1.676	0.00162
1.677	0.00161
1.678	0.00161
1.679	0.00161
1.68	0.0016
1.681	0.0016
1.682	0.0016
1.683	0.00159
1.684	0.00159
1.685	0.00159
1.686	0.00158
1.687	0.00158
1.688	0.00157
1.689	0.00157
1.69	0.00157
1.691	0.00156
1.692	0.00156
1.693	0.00156
1.694	0.00155
1.695	0.00155
1.696	0.00155
1.697	0.00154
1.698	0.00154
1.699	0.00154
1.7	0.00153
1.701	0.00153
1.702	0.00153
1.703	0.00152
1.704	0.00152
1.705	0.00152
1.706	0.00151
1.707	0.00151
1.708	0.00151
1.709	0.0015
1.71	0.0015
1.711	0.0015
1.712	0.00149
1.713	0.00149
1.714	0.00149
1.715	0.00148
1.716	0.00148
1.717	0.00148
1.718	0.00147
1.719	0.00147
1.72	0.00147
1.721	0.00146
1.722	0.00146
1.723	0.00146
1.724	0.00145
1.725	0.00145
1.726	0.00145
1.727	0.00144
1.728	0.00144
1.729	0.00144
1.73	0.00143
1.731	0.00143
1.732	0.00143
1.733	0.00142
1.734	0.00142
1.735	0.00142
1.736	0.00142
1.737	0.00141
1.738	0.00141
1.739	0.00141
1.74	0.0014
1.741	0.0014
1.742	0.0014
1.743	0.00139
1.744	0.00139
1.745	0.00139
1.746	0.00139
1.747	0.00138
1.748	0.00138
1.749	0.00138
1.75	0.00137
1.751	0.00137
1.752	0.00137
1.753	0.00136
1.754	0.00136
1.755	0.00136
1.756	0.00136
1.757	0.00135
1.758	0.00135
1.759	0.00135
1.76	0.00134
1.761	0.00134
1.762	0.00134
1.763	0.00134
1.764	0.00133
1.765	0.00133
1.766	0.00133
1.767	0.00132
1.768	0.00132
1.769	0.00132
1.77	0.00132
1.771	0.00131
1.772	0.00131
1.773	0.00131
1.774	0.0013
1.775	0.0013
1.776	0.0013
1.777	0.0013
1.778	0.00129
1.779	0.00129
1.78	0.00129
1.781	0.00129
1.782	0.00128
1.783	0.00128
1.784	0.00128
1.785	0.00127
1.786	0.00127
1.787	0.00127
1.788	0.00127
1.789	0.00126
1.79	0.00126
1.791	0.00126
1.792	0.00126
1.793	0.00125
1.794	0.00125
1.795	0.00125
1.796	0.00125
1.797	0.00124
1.798	0.00124
1.799	0.00124
1.8	0.00124
1.801	0.00123
1.802	0.00123
1.803	0.00123
1.804	0.00123
1.805	0.00122
1.806	0.00122
1.807	0.00122
1.808	0.00122
1.809	0.00121
1.81	0.00121
1.811	0.00121
1.812	0.00121
1.813	0.0012
1.814	0.0012
1.815	0.0012
1.816	0.0012
1.817	0.00119
1.818	0.00119
1.819	0.00119
1.82	0.00119
1.821	0.00118
1.822	0.00118
1.823	0.00118
1.824	0.00118
1.825	0.00117
1.826	0.00117
1.827	0.00117
1.828	0.00117
1.829	0.00116
1.83	0.00116
1.831	0.00116
1.832	0.00116
1.833	0.00115
1.834	0.00115
1.835	0.00115
1.836	0.00115
1.837	0.00115
1.838	0.00114
1.839	0.00114
1.84	0.00114
1.841	0.00114
1.842	0.00113
1.843	0.00113
1.844	0.00113
1.845	0.00113
1.846	0.00112
1.847	0.00112
1.848	0.00112
1.849	0.00112
1.85	0.00112
1.851	0.00111
1.852	0.00111
1.853	0.00111
1.854	0.00111
1.855	0.0011
1.856	0.0011
1.857	0.0011
1.858	0.0011
1.859	0.0011
1.86	0.00109
1.861	0.00109
1.862	0.00109
1.863	0.00109
1.864	0.00108
1.865	0.00108
1.866	0.00108
1.867	0.00108
1.868	0.00108
1.869	0.00107
1.87	0.00107
1.871	0.00107
1.872	0.00107
1.873	0.00107
1.874	0.00106
1.875	0.00106
1.876	0.00106
1.877	0.00106
1.878	0.00106
1.879	0.00105
1.88	0.00105
1.881	0.00105
1.882	0.00105
1.883	0.00104
1.884	0.00104
1.885	0.00104
1.886	0.00104
1.887	0.00104
1.888	0.00103
1.889	0.00103
1.89	0.00103
1.891	0.00103
1.892	0.00103
1.893	0.00102
1.894	0.00102
1.895	0.00102
1.896	0.00102
1.897	0.00102
1.898	0.00101
1.899	0.00101
1.9	0.00101
1.901	0.00101
1.902	0.00101
1.903	0.001
1.904	0.001
1.905	0.001
1.906	0.001
1.907	0.001
1.908	0.001
1.909	0.00099
1.91	0.00099
1.911	0.00099
1.912	0.00099
1.913	0.00099
1.914	0.00098
1.915	0.00098
1.916	0.00098
1.917	0.00098
1.918	0.00098
1.919	0.00097
1.92	0.00097
1.921	0.00097
1.922	0.00097
1.923	0.00097
1.924	0.00097
1.925	0.00096
1.926	0.00096
1.927	0.00096
1.928	0.00096
1.929	0.00096
1.93	0.00095
1.931	0.00095
1.932	0.00095
1.933	0.00095
1.934	0.00095
1.935	0.00095
1.936	0.00094
1.937	0.00094
1.938	0.00094
1.939	0.00094
1.94	0.00094
1.941	0.00093
1.942	0.00093
1.943	0.00093
1.944	0.00093
1.945	0.00093
1.946	0.00093
1.947	0.00092
1.948	0.00092
1.949	0.00092
1.95	0.00092
1.951	0.00092
1.952	0.00092
1.953	0.00091
1.954	0.00091
1.955	0.00091
1.956	0.00091
1.957	0.00091
1.958	0.00091
1.959	0.0009
1.96	0.0009
1.961	0.0009
1.962	0.0009
1.963	0.0009
1.964	0.00089
1.965	0.00089
1.966	0.00089
1.967	0.00089
1.968	0.00089
1.969	0.00089
1.97	0.00089
1.971	0.00088
1.972	0.00088
1.973	0.00088
1.974	0.00088
1.975	0.00088
1.976	0.00088
1.977	0.00087
1.978	0.00087
1.979	0.00087
1.98	0.00087
1.981	0.00087
1.982	0.00087
1.983	0.00086
1.984	0.00086
1.985	0.00086
1.986	0.00086
1.987	0.00086
1.988	0.00086
1.989	0.00085
1.99	0.00085
1.991	0.00085
1.992	0.00085
1.993	0.00085
1.994	0.00085
1.995	0.00085
1.996	0.00084
1.997	0.00084
1.998	0.00084
1.999	0.00084
2	0.00084